Date,Open,High,Low,Close,Adj Close,Volume
2021-11-12,64863.980469,65460.816406,62333.914063,64155.941406,64155.941406,36084893887
2021-11-13,64158.121094,64915.675781,63303.734375,64469.527344,64469.527344,30474228777
2021-11-14,64455.371094,65495.179688,63647.808594,65466.839844,65466.839844,25122092191
2021-11-15,65521.289063,66281.570313,63548.144531,63557.871094,63557.871094,30558763548
2021-11-16,63721.195313,63721.195313,59016.335938,60161.246094,60161.246094,46844335592
2021-11-17,60139.621094,60823.609375,58515.410156,60368.011719,60368.011719,39178392930
2021-11-18,60360.136719,60948.500000,56550.792969,56942.136719,56942.136719,41388338699
2021-11-19,56896.128906,58351.113281,55705.179688,58119.578125,58119.578125,38702407772
2021-11-20,58115.082031,59859.878906,57469.726563,59697.195313,59697.195313,30624264863
2021-11-21,59730.507813,60004.425781,58618.929688,58730.476563,58730.476563,26123447605
2021-11-22,58706.847656,59266.359375,55679.839844,56289.289063,56289.289063,35036121783
2021-11-23,56304.554688,57875.515625,55632.761719,57569.074219,57569.074219,37485803899
2021-11-24,57565.851563,57803.066406,55964.222656,56280.425781,56280.425781,36635566789
2021-11-25,57165.417969,59367.968750,57146.683594,57274.679688,57274.679688,34284016248
2021-11-26,58960.285156,59183.480469,53569.765625,53569.765625,53569.765625,41810748221
2021-11-27,53736.429688,55329.257813,53668.355469,54815.078125,54815.078125,30560857714
2021-11-28,54813.023438,57393.843750,53576.734375,57248.457031,57248.457031,28116886357
2021-11-29,57291.906250,58872.878906,56792.527344,57806.566406,57806.566406,32370840356
2021-11-30,57830.113281,59113.402344,56057.281250,57005.425781,57005.425781,36708594618
2021-12-01,56907.964844,59041.683594,56553.082031,57229.828125,57229.828125,36858195307
2021-12-02,57217.371094,57349.234375,55895.132813,56477.816406,56477.816406,32379968686
2021-12-03,56509.164063,57482.167969,52496.585938,53598.246094,53598.246094,39789134215
2021-12-04,53727.878906,53904.679688,42874.617188,49200.703125,49200.703125,61385677469
2021-12-05,49201.519531,49768.148438,47857.496094,49368.847656,49368.847656,37198201161
2021-12-06,49413.480469,50929.519531,47281.035156,50582.625000,50582.625000,37707308001
2021-12-07,50581.828125,51934.781250,50175.808594,50700.085938,50700.085938,33676814852
2021-12-08,50667.648438,51171.375000,48765.988281,50504.796875,50504.796875,28479699446
2021-12-09,50450.082031,50797.164063,47358.351563,47672.121094,47672.121094,29603577251
2021-12-10,47642.144531,50015.253906,47023.699219,47243.304688,47243.304688,30966005122
2021-12-11,47264.632813,49458.210938,46942.347656,49362.507813,49362.507813,25775869261
2021-12-12,49354.855469,50724.867188,48725.851563,50098.335938,50098.335938,21939223599
2021-12-13,50114.742188,50205.000000,45894.847656,46737.480469,46737.480469,32166727776
2021-12-14,46709.824219,48431.398438,46424.496094,46612.632813,46612.632813,34638619079
2021-12-15,48379.753906,49473.957031,46671.964844,48896.722656,48896.722656,36541828520
2021-12-16,48900.464844,49425.574219,47529.878906,47665.425781,47665.425781,27268150947
2021-12-17,47653.730469,48004.894531,45618.214844,46202.144531,46202.144531,32902725329
2021-12-18,46219.253906,47313.828125,45598.441406,46848.777344,46848.777344,26098292690
2021-12-19,46853.867188,48089.664063,46502.953125,46707.015625,46707.015625,25154053861
2021-12-20,46707.062500,47401.718750,45579.808594,46880.277344,46880.277344,30961902129
2021-12-21,46886.078125,49300.917969,46698.773438,48936.613281,48936.613281,27055803928
2021-12-22,48937.097656,49544.796875,48450.941406,48628.511719,48628.511719,24447979559
2021-12-23,48626.343750,51332.339844,48065.835938,50784.539063,50784.539063,28223878108
2021-12-24,50806.050781,51814.027344,50514.496094,50822.195313,50822.195313,24367912228
2021-12-25,50854.917969,51176.597656,50236.707031,50429.859375,50429.859375,19030650914
2021-12-26,50428.691406,51196.378906,49623.105469,50809.515625,50809.515625,20964372926
2021-12-27,50802.609375,51956.328125,50499.468750,50640.417969,50640.417969,24324345758
2021-12-28,50679.859375,50679.859375,47414.210938,47588.855469,47588.855469,33430376883
2021-12-29,47623.871094,48119.742188,46201.496094,46444.710938,46444.710938,30049226299
2021-12-30,46490.605469,47879.964844,46060.312500,47178.125000,47178.125000,26686491018
2021-12-31,47169.371094,48472.527344,45819.953125,46306.445313,46306.445313,36974172400
2022-01-01,46311.746094,47827.312500,46288.484375,47686.812500,47686.812500,24582667004
2022-01-02,47680.925781,47881.406250,46856.937500,47345.218750,47345.218750,27951569547
2022-01-03,47343.542969,47510.726563,45835.964844,46458.117188,46458.117188,33071628362
2022-01-04,46458.851563,47406.546875,45752.464844,45897.574219,45897.574219,42494677905
2022-01-05,45899.359375,46929.046875,42798.222656,43569.003906,43569.003906,36851084859
2022-01-06,43565.511719,43748.718750,42645.539063,43160.929688,43160.929688,30208048289
2022-01-07,43153.570313,43153.570313,41077.445313,41557.902344,41557.902344,84196607520
2022-01-08,41561.464844,42228.941406,40672.277344,41733.941406,41733.941406,28066355845
2022-01-09,41734.726563,42663.949219,41338.160156,41911.601563,41911.601563,21294384372
2022-01-10,41910.230469,42199.484375,39796.570313,41821.261719,41821.261719,32104232331
2022-01-11,41819.507813,43001.156250,41407.753906,42735.855469,42735.855469,26327648900
2022-01-12,42742.179688,44135.367188,42528.988281,43949.101563,43949.101563,33499938689
2022-01-13,43946.742188,44278.421875,42447.042969,42591.570313,42591.570313,47691135082
2022-01-14,42598.871094,43346.687500,41982.617188,43099.699219,43099.699219,23577403399
2022-01-15,43101.898438,43724.671875,42669.035156,43177.398438,43177.398438,18371348298
2022-01-16,43172.039063,43436.808594,42691.023438,43113.878906,43113.878906,17902097845
2022-01-17,43118.121094,43179.390625,41680.320313,42250.550781,42250.550781,21690904261
2022-01-18,42250.074219,42534.402344,41392.214844,42375.632813,42375.632813,22417209227
2022-01-19,42374.039063,42478.304688,41242.914063,41744.328125,41744.328125,23091543258
2022-01-20,41744.027344,43413.023438,40672.824219,40680.417969,40680.417969,20382033940
2022-01-21,40699.605469,41060.527344,35791.425781,36457.316406,36457.316406,43011992031
2022-01-22,36471.589844,36688.812500,34349.250000,35030.250000,35030.250000,39714385405
2022-01-23,35047.359375,36433.312500,34784.968750,36276.804688,36276.804688,26017975951
2022-01-24,36275.734375,37247.519531,33184.058594,36654.328125,36654.328125,41856658597
2022-01-25,36654.804688,37444.570313,35779.429688,36954.003906,36954.003906,26428189594
2022-01-26,36950.515625,38825.410156,36374.906250,36852.121094,36852.121094,31324598034
2022-01-27,36841.878906,37148.324219,35629.281250,37138.234375,37138.234375,25041426629
2022-01-28,37128.445313,37952.878906,36211.109375,37784.332031,37784.332031,22238830523
2022-01-29,37780.714844,38576.261719,37406.472656,38138.179688,38138.179688,17194183075
2022-01-30,38151.917969,38266.339844,37437.710938,37917.601563,37917.601563,14643548444
2022-01-31,37920.281250,38647.261719,36733.574219,38483.125000,38483.125000,20734730465
